0000   d0 72 dc 56 f0 a9 e4 c7 22 64 36 42 08 00 45 00
0010   01 a4 42 e2 40 00 3f 06 cf 79 0a c8 02 1f 15 03
0020   06 0f a9 a2 27 1b d5 db a6 08 eb 54 b3 03 80 18
0030   01 f5 2c e3 00 00 01 01 08 0a 1d c6 a7 af 5c 60
0040   9d 4c 30 30 32 30 30 36 30 30 32 30 30 30 30 30
0050   30 30 30 32 30 31 36 30 37 30 35 31 30 35 31 32
0060   35 43 43 54 45 52 4d 49 44 30 30 30 30 31 30 32
0070   39 31 34 30 38 39 39 31 37 31 32 33 34 30 30 30
0080   30 30 30 30 30 30 30 30 30 30 30 30 30 30 30 30
0090   30 30 30 30 30 30 30 30 30 30 30 30 31 30 31 30
00a0   31 30 30 33 32 32 30 31 36 30 36 32 39 30 32 33
00b0   32 31 33 32 31 c1 f5 b9 e2 d0 db 20 20 20 20 20
00c0   20 20 20 20 20 20 20 20 20 20 20 20 20 20 20 20
00d0   20 20 20 35 33 32 32 32 35 31 39 38 36 31 32 31
00e0   31 32 31 33 35 30 33 37 41 20 20 20 20 20 20 32
00f0   30 31 36 30 36 32 39 b3 c9 b9 a6 30 30 30 30 30
0100   30 30 30 30 30 30 37 38 34 31 36 35 32 30 33 38
0110   32 31 36
